[-15.591783, 109.124588],
[-19.322765, 113.565781],
[-27.696627, 125.747971],
[-29.912619, 132.338715],
[-34.372406, 134.971817],
[-41.914463, 147.067184],
[-50.186520, 165.390915],
[-54.408642, -178.551361],
[-52.494858, -168.560989],
[-50.416431, -151.344376],
[-45.706818, -141.004929],
[-33.672001, -124.168259],
[-29.305334, -119.742241],
[-25.412502, -115.471802],
[-23.601273, -113.682198],
[-27.800713, -120.131737],
[-41.723370, -142.209274],
[-42.582588, -156.971451],
[-44.935986, 172.978195],
[-38.551407, 157.047607],
[-35.853046, 144.402115],
[-22.530716, 132.599213],
[-28.442944, 126.575104],
[-21.816616, 116.790848],
[-23.041965, 116.466606],
[-14.988099, 111.275368],
[-19.904009, 117.259567],
[-22.868031, 122.649338],
[-26.552050, 128.531235],
[-28.614433, 133.316147],
[-36.058651, 148.811798],
[-42.876545, 163.111099],
[-47.355274, -175.588333],
[-42.371841, -150.381516],
[-26.960623, -124.115585],
[-24.314301, -115.064423],
[-13.040612, -104.612183],
[-18.573648, -112.457001],
[-24.310652, -119.922287],
[-29.978956, -138.222275],
[-38.118675, -155.192810],
[-42.909618, 179.018570],
[-41.777912, 160.005173],
[-33.913765, 144.296051],
[-34.542568, 139.895294],
[-27.906515, 124.741386],
[-22.730900, 119.176331],
[-23.271698, 116.778419],
[-21.387756, 115.067032],
[-23.091373, 118.933228],
[-24.122147, 120.187653],
[-25.883169, 125.883186],
[-32.888969, 135.096344],
[-38.413795, 146.712036],
[-43.289513, 160.637711],
[-48.330601, 178.755707],
[-48.445553, -163.633698],
[-35.718624, -134.343597],
[-24.308413, -117.684128],
[-16.402822, -106.404648],
[-9.814953, -79.565155],
[-14.533113, -75.445587],
[-22.928490, -115.198860],
[-30.333403, -130.751633],
[-36.317776, -150.475266],
[-46.190868, -160.721100],
[-48.453144, 172.834518],
[-41.872341, 152.714188],
[-37.778614, 145.774124],
[-30.755665, 131.448227],
[-30.026411, 127.019455],
[-24.394194, 120.669235],
[-23.064323, 116.857040],
[-19.369017, 111.659416],
[-19.716129, 113.116508],
[-18.322462, 111.293678],
[-26.612514, 121.146461],
[-27.355602, 124.400497],
[-31.396774, 135.741882],
[-39.809364, 148.965240],
[-46.186741, 160.492386],
[-50.137058, -174.275665],
[-47.330444, -158.570618],
[-38.219845, -136.573547],
[-25.536934, -119.950867],
[-15.635051, -105.733757],
[-11.725819, -78.185341],
[-8.256536, -79.972290],
[-9.420686, -80.501495],
[-14.631055, -104.633202],
[-20.405878, -114.179192],
[-32.390228, -131.137039],
[-48.276402, -161.856567],
[-44.951382, 169.826675],
[-41.284149, 147.435211],
[-33.193356, 141.163681],
[-32.908440, 138.096649],
[-28.603579, 129.216202],
[-27.049824, 121.443565],
[-21.123568, 116.207893],
[-22.529045, 115.942467],
[-22.056675, 118.033371],
[-28.155514, 124.978745],
[-29.513294, 131.144012],
[-30.666920, 138.317886],
[-31.922426, 146.263412],
[-36.453148, 163.277267],
[-41.131107, -167.500427],
[-34.143265, -153.956512],
[-35.053185, -138.607697],
[-26.395967, -121.675240],
[-18.009718, -108.674271],
[-15.144252, -105.216705],
[-15.967751, -106.614159],
[-18.252556, -110.748550],
[-25.661503, -123.117256],
[-34.268673, -142.101624],
[-46.069130, -172.698517],
[-47.162930, 164.011230],
[-40.200287, 149.774902],
[-33.921310, 141.017807],
[-33.715183, 133.532593],
[-25.491110, 121.011513],
[-24.981050, 118.565262],
[-21.939342, 115.074547],
[-24.479038, 117.387589],
[-18.730438, 114.431168],
[-25.161304, 124.378403],
[-25.986759, 126.553635],
[-31.354189, 135.095963],
[-37.845852, 148.830826],
[-47.030975, 162.343796],
[-49.631260, -177.011841],
[-44.991020, -152.831970],
[-32.657322, -129.704468],
[-19.486814, -109.626694],
[-14.696103, -104.884308],
[-9.111720, -80.646683],
[-11.102103, -78.388260],
[-13.329198, -103.472092],
[-19.248302, -112.215996],
[-30.324224, -132.135422],
[-48.791172, -160.847916],
[-41.927807, 172.376907],
[-39.386566, 150.822311],
[-24.180593, 138.357162],
[-27.556046, 131.920914],
[-19.037588, 118.606033],
[-21.268049, 114.929214],
[-17.580168, 111.881897],
[-22.515499, 116.151901],
[-17.580919, 113.977005],
[-27.846769, 123.424423],
[-31.613438, 134.373291],
[-35.088913, 141.227478],
[-39.108677, 150.722351],
[-48.500145, 167.037872],
[-51.641056, -172.402725],
[-44.150711, -147.980469],
[-32.218670, -126.439117],
[-19.995094, -112.595993],
[-9.474478, -79.554810],
[-5.388792, -79.753189],
[-6.991495, -82.123352],
[-11.248270, -101.659081],
[-12.866321, -103.299362],
[-20.941891, -113.207703],
[-33.367950, -129.262909],
[-44.115105, -145.022095],
[-49.338070, -165.353439],
[-41.781532, 166.743652],
[-41.573616, 157.209045],
[-32.583092, 138.979889],
[-31.147097, 132.061279],
[-27.167303, 124.728317],
[-27.506702, 119.740311],
[-22.658310, 117.019073],
[-16.533676, 110.948906],
[-19.030109, 111.490524],
[-20.260586, 114.963013],
[-29.310389, 124.321007],
[-28.960302, 130.582520],
[-29.995829, 134.615921],
[-38.251095, 149.170517],
[-45.180080, 162.406036],
[-47.029274, -174.582443],
[-44.987858, -148.606308],
[-31.438492, -128.521515],
[-19.080191, -109.885910],
[-12.279621, -77.379578],
[-7.997674, -79.147392],
[-9.489845, -80.066734],
[-16.788506, -73.195625],
[-22.933895, -116.885925],
[-31.352930, -131.691345],
[-41.659252, -151.615494],
[-50.901070, -173.124573],
[-46.879410, 162.750763],
[-32.971882, 139.439865],
[-31.856667, 135.107910],
[-22.062449, 128.300491],
[-29.091059, 125.984673],
[-20.231831, 115.649055],
[-21.207148, 118.178154],
[-20.507078, 115.132317],
[-21.187756, 116.935631],
[-24.669592, 123.018318],
[-27.449619, 126.382813],
[-29.036062, 131.758713],
[-34.394684, 140.085648],
[-44.065197, 156.862167],
[-50.151657, -178.860336],
[-50.071880, -163.319565],
[-38.043591, -140.574234],
[-20.527153, -112.168388],
[-8.384145, -80.872276],
[-3.922162, -76.833183],
[-4.107756, -77.842514],
[-8.071933, -78.209656],
[-10.735811, -78.227303],
[-15.465899, -106.436661],
[-26.437176, -125.646523],
[-37.308155, -143.812698],
[-44.942749, -173.879120],
[-39.638611, 166.293381],
[-29.703707, 145.916275],
[-33.192570, 140.096527],
[-27.581059, 128.462082],
[-22.821627, 120.323730],
[-22.624332, 116.316483],
[-20.605902, 114.791420],
[-19.427210, 113.430618],
[-22.517649, 118.117027],
[-30.381025, 126.681152],
[-30.344685, 131.760605],
[-29.992113, 131.562775],
[-37.481232, 148.562180],
[-47.056770, 162.796326],
[-47.938519, -175.018524],
[-42.916321, -147.744095],
[-25.851217, -120.493149],
[-20.071934, -111.124573],
[-7.762155, -80.524330],
[-0.439740, -72.116074],
[-3.831558, -78.952805],
[-6.589365, -80.160698],
[-6.210218, -81.510834],
[-12.976150, -103.336960],
[-18.636471, -111.554268],
[-29.517635, -134.773239],
[-49.176750, -161.306992],
[-34.777473, 172.107422],
[-33.433392, 152.745316],
[-33.567253, 147.142731],
[-28.058033, 139.022293],
[-29.100012, 129.727859],
[-19.193172, 117.873337],
[-23.546963, 116.581985],
[-22.515797, 114.431694],
[-15.736714, 112.028664],
[-22.536745, 117.208443],
[-32.648300, 128.639633],
[-35.704754, 133.733505],
[-40.880943, 140.915085],
[-46.464043, 153.290680],
[-51.458572, 172.258423],
[-49.328609, -156.841537],
[-35.439674, -133.547211],
[-22.298676, -113.893394],
[-3.719735, -82.602333],
[0.000000, -73.479103],
[4.565718, -75.420372],
[3.717242, -79.946533],
[-5.201969, -83.492485],
[-9.500459, -99.527390],
[-15.206337, -108.157402],
[-33.614651, -132.553070],
[-48.701313, -155.741379],
[-52.507847, 172.655701],
[-41.754795, 158.776901],
[-39.265835, 148.476624],
[-27.042986, 129.837143],
[-32.018246, 129.407181],
[-27.279354, 123.095047],
[-20.232498, 115.051788],
[-17.810532, 111.614281],
[-17.495930, 112.185661],
[-20.764347, 117.144547],
[-26.505489, 124.365158],
[-30.872389, 131.433914],
[-35.340855, 138.410965],
[-41.971252, 148.524643],
[-53.667721, 173.454086],
[-46.805935, -158.912949],
[-35.778679, -133.387726],
[-16.371590, -106.789658],
[-4.431843, -82.600403],
[-0.877770, -77.583435],
[0.460937, -75.788742],
[2.066056, -77.795868],
[-2.122623, -84.821609],
[-9.238161, -99.541458],
[-23.975071, -123.643616],
[-49.101120, -161.044403],
[-43.809452, 169.054352],
[-38.459068, 160.253906],
[-28.353214, 145.117630],
[-32.171684, 136.169907],
[-21.550299, 124.689034],
[-24.253176, 119.411591],
[-19.397196, 114.423035],
[-18.894922, 115.486588],
[-18.434814, 113.283546],
[-23.385551, 120.070679],
[-28.125875, 131.473557],
[-30.637405, 134.484131],
[-40.132839, 149.935699],
[-44.407127, 164.173584],
[-51.872726, -176.318176],
[-42.383873, -148.340683],
[-16.122080, -111.155861],
[-4.684862, -82.017952],
[-3.309588, -76.700623],
[11.446507, -64.697456],
[8.615893, -70.428398],
[-0.482292, -81.515236],
[-8.690953, -81.229431],
[-14.103110, -106.750069],
[-26.853783, -124.505165],
[-38.779099, -162.937729],
[-42.170906, 168.283981],
[-35.672710, 149.151230],
[-29.834700, 143.553436],
[-26.820553, 132.181778],
[-24.317966, 122.414711],
[-22.821627, 120.323730],
[-21.257179, 121.706932],
[-25.911087, 127.364624],
[-27.223646, 131.275208],
[-35.535889, 140.867569],
[-42.656818, 152.704376],
[-50.083782, 171.548798],
[-56.465645, -163.966019],
[-43.377144, -136.195053],
[-14.815593, -75.018936],
[-0.475751, -81.150711],
[1.586304, -74.783195],
[3.099498, -70.049423],
[4.970811, -76.845795],
[-4.078411, -82.532600],
[-14.786622, -106.194725],
[-26.428535, -124.322914],
[-39.648285, -157.207092],
[-34.539867, 174.198090],
[-34.112030, 152.291214],
[-33.591915, 145.713348],
[-27.756813, 134.413040],
[-22.800402, 125.998024],
[-24.125881, 126.187057],
[-24.910471, 124.185303],
[-25.211895, 124.512558],
[-26.897903, 129.437759],
[-31.986431, 137.212128],
[-37.516632, 147.470978],
[-49.009808, 164.267319],
[-49.689213, -166.695999],
[-42.604561, -146.564819],
[-26.356747, -123.008575],
[-5.782825, -83.954330],
[-0.439967, -78.250504],
[0.000000, -79.899414],
[-0.234960, -82.929382],
[-5.025835, -84.568703],
[-11.398968, -101.488884],
[-19.706202, -115.547195],
[-34.946209, -137.583069],
[-41.894501, -165.262833],
[-39.231876, 169.654251],
[-28.318676, 148.940598],
[-31.674837, 146.714447],
[-25.060551, 133.357605],
[-25.407730, 124.452652],
[-23.412376, 125.531555],
[-24.655775, 120.090736],
[-21.044163, 118.023285],
[-25.365307, 123.594231],
[-27.234032, 130.657730],
[-32.861786, 139.936752],
[-34.521614, 148.575150],
[-38.156860, 169.832932],
[-40.202553, -163.576416],
[-43.174084, -136.825912],
[-20.089561, -68.478760],
[-1.672686, -77.361794],
[2.952537, -71.976471],
[-0.231075, -77.418976],
[-3.690369, -83.528450],
[-15.638928, -106.291367],
[-24.410971, -121.908081],
[-44.007938, -148.764877],
[-47.018463, 178.065033],
[-50.477528, 153.532928],
[-34.685257, 144.230087],
[-33.050644, 137.322296],
[-29.798002, 128.477127],
[-25.299120, 122.920479],
[-21.577793, 116.729294],
[-23.008968, 117.291145],
[-25.665171, 121.542618],
[-26.171370, 127.930931],
[-30.001633, 135.522156],
[-31.247145, 140.324570],
[-41.325218, 157.439621],
[-48.629765, -175.696152],
[-40.327133, -144.576035],
[-22.789707, -116.685211],
[-1.906454, -81.312904],
[3.538187, -74.309105],
[4.391255, -76.213409],
[1.662524, -80.547852],
[-0.688685, -83.521835],
[-5.391770, -83.969582],
[-11.779696, -102.228699],
[-27.743073, -121.153824],
[-23.947918, -134.737762],
[-45.675072, 175.331451],
[-40.659199, 169.994125],
[-37.739864, 148.213364],
[-30.394869, 130.207809],
[-28.213165, 131.776291],
[-23.990538, 122.922867],
[-20.192797, 118.355232],
[-15.288578, 112.064667],
[-17.567245, 114.585083],
[-26.722696, 125.306404],
[-29.734913, 132.609726],
[-34.761616, 140.386765],
[-39.745106, 148.756561],
[-46.890423, 167.960541],
[-39.620918, -164.008850],
[-36.234257, -139.318451],
[-19.886360, -112.139351],
[-3.374553, -82.867897],
[6.775406, -73.648422],
[2.009604, -70.546623],
[-0.459472, -80.526627],
[-0.446807, -80.563919],
[-5.330197, -83.502365],
[-15.059274, -74.940720],
[-27.084112, -123.502632],
[-27.195549, -145.253815],
[-43.005028, -174.373306],
[-33.214329, -173.859802],
[-35.398167, 151.469193],
[-29.690632, 142.822495],
[-28.856956, 131.991684],
[-25.630602, 124.552345],
[-25.452669, 121.920067],
[-26.672134, 123.079124],
[-26.906433, 124.752350],
[-31.536709, 131.613098],
[-35.119953, 141.637604],
[-41.119354, 151.772400],
[-49.975597, 173.719498],
[-39.623680, -161.248535],
[-32.724281, -128.600494],
[-24.938427, -65.061577],
[-0.669761, -80.331146],
[0.230177, -79.816101],
[2.584099, -82.696457],
[-5.663972, -95.825356],
[-21.682983, -113.150040],
[-19.775951, -118.179482],
[-24.734678, -123.192734],
[-49.494850, 174.009613],
[-45.255852, 163.080231],
[-40.165592, 155.124268],
[-32.151691, 133.424164],
[-24.440386, 125.158455],
[-22.272766, 123.432915],
[-22.362318, 116.954254],
[-15.520993, 115.920074],
[-25.728085, 124.000313],
[-30.100988, 133.359192],
[-32.702450, 137.398285],
[-41.621422, 155.548340],
[-46.128345, 174.498978],
[-50.429111, -162.775620],
[-25.960958, -123.558319],
[-12.525269, -102.600258],
[0.978552, -77.883339],
[3.036654, -74.090630],
[-2.090821, -78.814430],
[-7.541247, -78.648819],
[-10.088839, -79.839165],
[-13.203229, -105.448051],
[-42.188938, -143.492340],
[-46.227310, -162.720688],
[-42.829426, 161.894119],
[-31.144760, 145.542252]